  (0, 1025)	-1.0
  (1, 1029)	0.7071067811865475
  (1, 2176)	-0.5000000000000002
  (1, 4655)	0.5000000000000001
  (2, 2046)	1.0
  (3, 640)	-0.7071067811865477
  (3, 1033)	0.7071067811865475
  (4, 1026)	-1.0
  (5, 1037)	0.7071067811865475
  (5, 2177)	0.5000000000000002
  (5, 4687)	-0.5000000000000001
  (6, 1028)	-1.0
  (7, 641)	-0.7071067811865477
  (7, 1041)	0.7071067811865475
  (8, 1030)	1.0
  (9, 1045)	0.7071067811865475
  (9, 2178)	0.5000000000000002
  (9, 4719)	-0.5000000000000001
  (10, 1032)	-1.0
  (11, 642)	-0.7071067811865477
  (11, 1049)	0.7071067811865475
  (12, 1034)	1.0
  (13, 1053)	0.7071067811865475
  (13, 2179)	-0.5000000000000002
  (13, 4751)	0.5000000000000001
  :	:
  (8180, 2493)	-0.5000000000000001
  (8180, 4345)	0.4999999999999999
  (8180, 8180)	0.7071067811865477
  (8181, 2813)	0.7071067811865477
  (8181, 8143)	-0.7071067811865475
  (8182, 957)	0.7071067811865475
  (8182, 8182)	0.7071067811865477
  (8183, 509)	-1.0
  (8184, 2494)	-0.5000000000000001
  (8184, 4349)	0.4999999999999999
  (8184, 8184)	0.7071067811865477
  (8185, 2814)	0.7071067811865477
  (8185, 8175)	-0.7071067811865475
  (8186, 958)	0.7071067811865475
  (8186, 8186)	0.7071067811865477
  (8187, 510)	-1.0
  (8188, 2495)	-0.5000000000000001
  (8188, 4353)	0.4999999999999999
  (8188, 8188)	0.7071067811865477
  (8189, 2815)	-0.7071067811865477
  (8189, 5121)	0.7071067811865475
  (8190, 959)	-0.7071067811865475
  (8190, 3456)	0.5000000000000002
  (8190, 6146)	-0.5000000000000001
  (8191, 511)	-1.0